0.13350000000000012
0.13300000000000012
0.11600000000000005
0.11400000000000005
0.11300000000000203
0.11250000000000004
0.11100000000000004
0.10350000000000013
0.10000000000000013
0.09950000000000013
0.09850000000000003
0.09650000000000085
0.09600000000000153
0.09450000000000112
0.09400000000000003
0.09150000000000003
0.08900000000000012
0.08600000000000017
0.08450000000000012
0.08150000000000245
0.08150000000000002
0.08100000000000002
0.08100000000000002
0.07900000000000001
0.07750000000000001
0.0770000000000009
0.07650000000000001
0.07500000000000133
0.07450000000000057
0.07250000000000001
0.06750000000000188
0.067
0.06650000000000227
0.0645
0.064
0.06300000000000215
0.06300000000000003
0.06100000000000105
0.061000000000000096
0.0605000000000015
0.0605
0.05850000000000007
0.05750000000000109
0.057000000000000065
0.05350000000000002
0.05200000000000127
0.05200000000000002
0.044500000000001705
0.04050000000000002
0.033000000000000015
